name: crispr-mapper
channels:
  - bioconda
  - conda-forge
dependencies:
  - _libgcc_mutex=0.1=conda_forge
  - _openmp_mutex=4.5=2_gnu
  - blast=2.16.0=hc155240_3
  - bzip2=1.0.8=h4bc722e_7
  - c-ares=1.11.0=h470a237_1
  - ca-certificates=2025.1.31=hbcca054_0
  - curl=7.71.1=he644dc0_8
  - entrez-direct=22.4=he881be0_0
  - krb5=1.17.2=h926e7f8_0
  - ld_impl_linux-64=2.43=h712a8e2_4
  - libasprintf=0.23.1=h8e693c7_0
  - libblas=3.9.0=31_h59b9bed_openblas
  - libcblas=3.9.0=31_he106b2a_openblas
  - libcurl=7.71.1=hcdd3856_8
  - libedit=3.1.20250104=pl5321h7949ede_0
  - libev=4.33=hd590300_2
  - libffi=3.4.6=h2dba641_0
  - libgcc=14.2.0=h767d61c_2
  - libgcc-ng=14.2.0=h69a702a_2
  - libgettextpo=0.23.1=h5888daf_0
  - libgfortran=14.2.0=h69a702a_2
  - libgfortran5=14.2.0=hf1ad2bd_2
  - libgomp=14.2.0=h767d61c_2
  - libidn2=2.3.8=ha4ef2c3_0
  - liblapack=3.9.0=31_h7ac8fdf_openblas
  - liblzma=5.6.4=hb9d3cd8_0
  - liblzma-devel=5.6.4=hb9d3cd8_0
  - libnghttp2=1.41.0=hab1572f_1
  - libnsl=2.0.1=hd590300_0
  - libopenblas=0.3.29=pthreads_h94d23a6_0
  - libsqlite=3.46.0=hde9e2c9_0
  - libssh2=1.10.0=haa6b8db_3
  - libstdcxx=14.2.0=h8f9b012_2
  - libstdcxx-ng=14.2.0=h4852527_2
  - libunistring=0.9.10=h7f98852_0
  - libuuid=2.38.1=h0b41bf4_0
  - libzlib=1.2.13=h4ab18f5_6
  - ncbi-vdb=3.2.0=h9948957_0
  - ncurses=6.5=h2d0b736_3
  - numpy=2.2.4=py311h5d046bc_0
  - openssl=1.1.1w=hd590300_0
  - pandas=2.2.3=py311h7db5c69_1
  - perl=5.26.2=h36c2ea0_1008
  - perl-archive-tar=2.32=pl526_0
  - perl-carp=1.38=pl526_3
  - perl-common-sense=3.74=pl526_2
  - perl-compress-raw-bzip2=2.087=pl526he1b5a44_0
  - perl-compress-raw-zlib=2.087=pl526hc9558a2_0
  - perl-exporter=5.72=pl526_1
  - perl-exporter-tiny=1.002001=pl526_0
  - perl-extutils-makemaker=7.36=pl526_1
  - perl-io-compress=2.087=pl526he1b5a44_0
  - perl-io-zlib=1.10=pl526_2
  - perl-json=4.02=pl526_0
  - perl-json-xs=2.34=pl526h6bb024c_3
  - perl-list-moreutils=0.428=pl526_1
  - perl-list-moreutils-xs=0.428=pl526_0
  - perl-pathtools=3.75=pl526h14c3975_1
  - perl-scalar-list-utils=1.52=pl526h516909a_0
  - perl-types-serialiser=1.0=pl526_2
  - perl-xsloader=0.24=pl526_0
  - pip=25.0.1=pyh8b19718_0
  - python=3.11.0=h10a6764_1_cpython
  - python-dateutil=2.9.0.post0=pyhff2d567_1
  - python-tzdata=2025.1=pyhd8ed1ab_0
  - python_abi=3.11=5_cp311
  - pytz=2024.1=pyhd8ed1ab_0
  - readline=8.2=h8c095d6_2
  - rpsbproc=0.5.0=h6a68c12_1
  - setuptools=75.8.2=pyhff2d567_0
  - six=1.17.0=pyhd8ed1ab_0
  - tk=8.6.13=noxft_h4845f30_101
  - tzdata=2025a=h78e105d_0
  - wget=1.20.3=ha56f1ee_1
  - wheel=0.45.1=pyhd8ed1ab_1
  - xz=5.6.4=hbcc6ac9_0
  - xz-gpl-tools=5.6.4=hbcc6ac9_0
  - xz-tools=5.6.4=hb9d3cd8_0
  - zlib=1.2.13=h4ab18f5_6
  - pip:
    - biopython==1.85

prefix: "/g/data/mp96/wj6768/micromamba/envs/crispr-mapper"
